# Data Input File
# SEDAR 53 South Atlantic Red Grouper
####################################################################
# BAM: setup
####################################################################
#Starting and ending year of model
1976
2015
#Starting year to estimate recruitment deviation from S-R curve
1976
#Ending year to estimate recruitment deviation from S-R curve
2015
#3 phases of constraints on recruitment deviations: 
#allows possible heavier constraint (weights defined later) in early and late period, with lighter constraint in the middle
#ending years of recruitment constraint phases
1997
2013
#3 periods of size regs: yr1-83 no restrictions, 1984-91 12-inch TL, 1992-09 20-in TL
#ending years of regulation period
1983
1991
#Size limits
304
508
#Number of ages in population model(16 classes are 1,...,N+) //assumes last age is plus group
16
#Vector of agebins, last is a plus group
1 2 3 4 5 6 7 8 9 10 11 12 13 14 15 16
#Number of ages used to match age comps: first age must be same as popn, plus group may differ
16
#Vector of agebins for fitting, last is a plus group
1 2 3 4 5 6 7 8 9 10 11 12 13 14 15 16
#Number length bins used to match length comps and width of bins
35
30
#Vector of length bins (mm)(midpoint of bin) used to match length comps and bins used to compute plus group
160 190 220 250 280 310 340 370 400 430 460 490 520 550 580 610 640 670 700 730 760 790 820 850 880 910 940 970 1000 1030 1060 1090 1120 1150 1180
#Max value of F used in spr and msy calculations
1
#Number of iterations in spr and msy calculations 
10001
#Starting year to compute arithmetic average recruitment for SPR-related values
1976
#Ending year to compute arithmetic average recruitment for SPR-related values
2015
#Number years at end of time series over which to average sector Fs, for weighted selectivities
3
#Multiplicative bias correction of recruitment (may set to 1.0 for none or negative to compute from recruitment variance)
3
####################################################################
BAM: observed data
####################################################################
########## age ############
####################################################################
########## ch ############
####################################################################
#Starting and ending years of the index
1993
2015
#Observed index and CVs
0.35 0.26 0.46 0.57 0.62 1.13 1.51 1.01 0.87 0.74 0.97 0.79 0.85 1.31 2.23 2.64 1.46 1.71 1.14 0.88 0.62 0.57 0.34
0.1 0.09 0.08 0.07 0.07 0.06 0.06 0.07 0.07 0.07 0.07 0.07 0.07 0.07 0.06 0.06 0.07 0.07 0.09 0.1 0.11 0.11 0.13
#Starting and ending years for landings time series
1976
2015
#landings vector (1000 lb whole weight) and assumed CVs
263.6782 209.245 257.9664 234.447 184.8565 210.664 205.5987 203.609 236.62 201.4695 249.957 189.7554 244.3527 230.2439 172.9889 139.2063 128.8884 168.2017 165.3514 230.1093 279.4529 310.9974 431.6545 404.7546 342.5005 327.783 331.352 307.3581 289.0839 202.093 323.546 569.3279 590.4122 366.027 280.236 199.625 128.911 93.311 74.703 51.922
0.4 0.4 0.4 0.4 0.4 0.3915287 0.3815665 0.3891543 0.3914318 0.3737918 0.2 0.2 0.2 0.2 0.2 0.2 0.2 0.2 0.199748 0.199582 0.1995467 0.1392016 0.1409486 0.1537428 0.1573627 0.1428224 0.1474185 0.1474026 0.1 0.1 0.1 0.1 0.1 0.1 0.1 0.1 0.1 0.1 0.1 0.1
#Number and vector of years of length compositions
32
1984 1985 1986 1987 1988 1989 1990 1991 1992 1993 1994 1995 1996 1997 1998 1999 2000 2001 2002 2003 2004 2005 2006 2007 2008 2009 2010 2011 2012 2013 2014 2015
#Sample size of length comp data (first row observed Ntrips, second row Nfish
19 31 33 46 67 60 73 76 42 71 76 94 79 64 105 176 214 149 116 134 181 240 282 399 369 260 176 164 134 89 74 42
91 131 1017 1510 1976 770 599 624 194 428 574 1064 363 400 688 1636 1595 850 596 805 1238 1299 2042 2737 2380 1389 783 685 626 402 299 95
#length comp
0 0 0 0 0 0 0 0 0 0 0 0.0111 0.0222 0.0111 0 0.0111 0.0333 0.0778 0.2222 0.2555 0.2222 0.1222 0.0111 0 0 0 0 0 0 0 0 0 0 0 0
0 0 0 0 0 0 0 0 0 0.002 0.002 0.0224 0.0265 0.0489 0.0285 0.002 0.0285 0.0346 0.0426 0.1302 0.1791 0.2548 0.1672 0.0245 0.002 0.004 0 0 0 0 0 0 0 0 0
0 0 0 0 0.001 0.0098 0.1217 0.1158 0.0835 0.0991 0.0962 0.0717 0.0561 0.0511 0.0688 0.0511 0.0432 0.0344 0.0197 0.0269 0.029 0.013 0.004 0.0039 0 0 0 0 0 0 0 0 0 0 0
0 0 0 0 0.0033 0.0309 0.1019 0.127 0.1179 0.0975 0.0935 0.0815 0.072 0.0708 0.0419 0.0388 0.036 0.027 0.0148 0.0112 0.012 0.0121 0.0078 0.0021 0 0 0 0 0 0 0 0 0 0 0
0 0 0 0 0.0144 0.1297 0.1751 0.128 0.1057 0.0953 0.0664 0.0567 0.0443 0.0338 0.0285 0.0266 0.0154 0.0186 0.0126 0.0074 0.0113 0.0133 0.006 0.0039 0.0039 0.0031 0 0 0 0 0 0 0 0 0
0 0 0 0 0.0018 0.0827 0.1378 0.1621 0.1479 0.0949 0.0771 0.0476 0.0553 0.0681 0.0456 0.0324 0.0109 0.006 0.0066 0.0036 0.0086 0.006 0.0032 0.002 0 0 0 0 0 0 0 0 0 0 0
0 0 0 0 0 0 0.044 0.0016 0.02 0.0048 0.0547 0.129 0.1676 0.1007 0.0898 0.0848 0.0859 0.066 0.0574 0.0358 0.0254 0.0086 0.0124 0.007 0.0043 0 0 0 0 0 0 0 0 0 0
0 0 0 0.0045 0 0.0067 0 0.0131 0.0202 0.0209 0.0208 0.0386 0.0756 0.0665 0.1087 0.11 0.1206 0.1541 0.1149 0.0595 0.0331 0.0142 0.0139 0.0041 0 0 0 0 0 0 0 0 0 0 0
0 0 0 0 0 0 0 0 0 0.0109 0.0022 0.0721 0.1267 0.1179 0.1026 0.1419 0.1091 0.107 0.1114 0.0546 0.0087 0.0153 0.0087 0.0065 0.0044 0 0 0 0 0 0 0 0 0 0
0 0 0 0 0 0 0.0054 0 0.0063 0.0159 0.0117 0.0476 0.0567 0.0814 0.0806 0.1129 0.1238 0.1112 0.1316 0.0739 0.0555 0.0467 0.0321 0.0067 0 0 0 0 0 0 0 0 0 0 0
0 0 0 0 0 0 0 0 0.0069 0.0095 0.0069 0.0722 0.1186 0.1228 0.0944 0.1022 0.1476 0.1045 0.0854 0.0519 0.0351 0.0247 0.0095 0.0078 0 0 0 0 0 0 0 0 0 0 0
0 0 0 0 0 0 0 0 0 0.0026 0.0019 0.0201 0.0645 0.0529 0.1431 0.2207 0.1688 0.1215 0.0861 0.0602 0.0244 0.0174 0.0111 0.0039 6e-04 0 0 0 0 0 0 0 0 0 0
0 0 0 0 0 0 0 0 0.0028 0 0.0139 0.0194 0.025 0.0639 0.0833 0.1528 0.2167 0.2111 0.1333 0.0417 0.0222 0.0083 0.0028 0 0.0028 0 0 0 0 0 0 0 0 0 0
0 0 0 0 0 0 0 0 0 0 0.0076 0.0738 0.117 0.0967 0.0687 0.0891 0.1018 0.1756 0.1756 0.0483 0.0305 0.0127 0.0025 0 0 0 0 0 0 0 0 0 0 0 0
0 0 0 0 0 0 0 0 0.012 0.0127 0.039 0.0613 0.1654 0.1696 0.1149 0.155 0.0809 0.0864 0.04 0.0293 0.0146 0.0031 0.015 8e-04 0 0 0 0 0 0 0 0 0 0 0
0 0 0 0 0 0 0 0 0 0.0059 0.0071 0.0129 0.0537 0.0806 0.1672 0.2168 0.2129 0.107 0.0558 0.0608 0.0112 0.0062 0.0019 0 0 0 0 0 0 0 0 0 0 0 0
0 0 0 0 0 0 0.0214 0 0 0.0053 0.0058 0.0128 0.0302 0.0716 0.0971 0.1615 0.216 0.1761 0.1279 0.0436 0.0198 0.0067 0.0025 0.0017 0 0 0 0 0 0 0 0 0 0 0
0 0 0 0 0 0 0 0 7e-04 7e-04 0 0.0127 0.0792 0.0182 0.0617 0.0833 0.152 0.1763 0.2005 0.1229 0.0574 0.0209 0.0102 0.002 0.0014 0 0 0 0 0 0 0 0 0 0
0 0 0 0 0 0 0 0 0 0 0.0131 0.046 0.032 0.0571 0.0538 0.0635 0.0507 0.0816 0.1826 0.1871 0.1358 0.07 0.0234 0.0033 0 0 0 0 0 0 0 0 0 0 0
0 0 0 0 0 0 0 0 9e-04 0.0051 0.0093 0.0727 0.0722 0.0815 0.0979 0.0699 0.0608 0.042 0.0825 0.1329 0.1563 0.0909 0.0206 0.0036 9e-04 0 0 0 0 0 0 0 0 0 0
0 0 0 0 0 0 0 0 0.0011 0.0021 0.0042 0.0323 0.0709 0.0886 0.056 0.075 0.0877 0.0709 0.0517 0.0318 0.0576 0.0989 0.0442 0.0706 0.0575 0.022 0.011 0 0 0.022 0 0.0329 0.011 0 0
0 0 0 0 0 0 0 0 0 0 0 0.0528 0.0817 0.1315 0.1421 0.0952 0.0782 0.1116 0.0788 0.0629 0.0553 0.0594 0.037 0.0129 6e-04 0 0 0 0 0 0 0 0 0 0
0 0 0 0 0 0 0 0 0.001 0 0.0044 0.082 0.1208 0.0914 0.0825 0.0977 0.1272 0.1135 0.0909 0.0663 0.0658 0.0383 0.0133 0.0044 5e-04 0 0 0 0 0 0 0 0 0 0
0 0 0 0 0 0 0 3e-04 0.0017 0.0017 0.0013 0.0137 0.0709 0.1201 0.1398 0.1414 0.1213 0.1022 0.1166 0.0704 0.0459 0.0352 0.0087 0.005 0.0034 3e-04 0 0 0 0 0 0 0 0 0
0 0 0 0 0 0 0 4e-04 4e-04 0 4e-04 0.0017 0.0134 0.0445 0.0845 0.1815 0.2248 0.1408 0.0975 0.0689 0.0706 0.0445 0.0151 0.0084 0.0025 0 0 0 0 0 0 0 0 0 0
0 0 0 0 0 0 0 0 0 0 0 0.0022 0.0036 0.0094 0.0355 0.0935 0.2297 0.2551 0.1964 0.0862 0.0449 0.0239 0.0123 0.0043 0.0014 0.0014 0 0 0 0 0 0 0 0 0
0 0 0 0 0 0 0 0 0.0013 0 0.0013 0.0064 0.0038 0.0102 0.0077 0.0192 0.0473 0.1622 0.2618 0.2618 0.1188 0.0575 0.023 0.0115 0.0064 0 0 0 0 0 0 0 0 0 0
0 0 0 0 0 0 0 0 0 0.0015 0.0015 0.0381 0.0469 0.0543 0.0235 0.0205 0.0308 0.0733 0.2111 0.2595 0.151 0.0718 0.0147 0.0015 0 0 0 0 0 0 0 0 0 0 0
0 0 0 0 0 0 0 0 0.0015 0 0.0139 0.0107 0.0369 0.0779 0.093 0.0764 0.063 0.0366 0.1387 0.2272 0.1449 0.0488 0.029 0.0015 0 0 0 0 0 0 0 0 0 0 0
0 0 0 0 0 0 0 0 0 0.0041 0.0325 0.0311 0.0216 0.0229 0.0593 0.0762 0.1647 0.1324 0.0867 0.1267 0.152 0.0694 0.0145 0.0059 0 0 0 0 0 0 0 0 0 0 0
0 0 0 0 0 0 0 0 0 0.0174 0.0728 0.0732 0.0209 0.0418 0.0138 0.0271 0.0431 0.0629 0.1122 0.0825 0.1684 0.1814 0.066 0.0099 0.0066 0 0 0 0 0 0 0 0 0 0
0 0 0 0 0 0 0 0 0 0 0 0 0.0109 0 0 0.0109 0.0217 0.0435 0.0978 0.2065 0.25 0.2174 0.1413 0 0 0 0 0 0 0 0 0 0 0 0
#Number and vector of years of age compositions
20
1996 1997 1998 1999 2000 2001 2002 2003 2004 2005 2006 2007 2008 2009 2010 2011 2012 2013 2014 2015
#Sample size of age comp data (first row observed Ntrips, second row Nfish
6 33 85 16 10 19 17 7 55 122 206 370 362 254 194 180 162 97 98 43
20 126 1678 88 22 52 25 18 231 490 828 1287 2107 998 775 702 652 335 289 84
#age comp
0 0 0.0434 0.2031 0.1782 0.5492 0.026 0 0 0 0 0 0 0 0 0
0 0 0.0814 0.2515 0.1663 0.4183 0.0417 0.0408 0 0 0 0 0 0 0 0
0 0 0.021 0.4289 0.2706 0.1247 0.0957 0.0247 0.012 0.0045 8e-04 0.016 0 0 0 0.0012
0 0 0.02 0.1624 0.6084 0.1497 0.0263 0.0333 0 0 0 0 0 0 0 0
0 0.0615 0.0308 0.0615 0.5385 0.2128 0.0949 0 0 0 0 0 0 0 0 0
0 0 0.0781 0.1651 0.1669 0.3437 0.1742 0.0277 0.0208 0.0078 0 0.0156 0 0 0 0
0 0 0.1605 0.4691 0 0.1111 0.1852 0.037 0 0.037 0 0 0 0 0 0
0 0 0 0.3299 0.5289 0 0.1071 0.034 0 0 0 0 0 0 0 0
0 0 0.1069 0.2322 0.1876 0.1499 0.0333 0.0462 0.0512 0.0188 0.0117 0.0012 0.161 0 0 0
0 0 0.0543 0.2906 0.2456 0.1931 0.0707 0.0101 0.0253 0.049 0.0419 0.0121 0.0013 0.0057 1e-04 0
0 0 0.0175 0.3435 0.1846 0.2812 0.0305 0.068 0.0059 0.0076 0.011 0.0284 0.0091 0.0081 0 0.0047
0 0 0.0026 0.1437 0.4459 0.1594 0.1077 0.0493 0.0292 0.004 0.0134 0.0164 0.0143 0.0085 9e-04 0.0046
0 0 0 0.0159 0.2831 0.4502 0.0797 0.0453 0.0347 0.0168 0.0059 0.0124 0.0266 0.0167 0.0081 0.0044
0 0 0 0.0097 0.022 0.6264 0.252 0.0382 0.0124 0.0088 0.0055 0.0055 0.0077 0.0066 0.0032 0.0018
0 0 0.0054 0.0175 0.0289 0.0795 0.5486 0.2508 0.0264 0.0069 0.0038 0.0046 0.011 0.0089 0.0028 0.0046
0 0 0.0627 0.1112 0.0515 0.0264 0.1233 0.4786 0.0983 0.024 0.0044 0.0079 0.0034 0.0019 0.0024 0.0041
0 0 0.0237 0.1869 0.1477 0.0425 0.0218 0.149 0.2401 0.1195 0.0271 0.0174 0.0042 0.0015 0.0066 0.0119
0 0 0.0149 0.1064 0.2998 0.1733 0.0439 0.0259 0.08 0.1272 0.0757 0.0336 0.002 0.0071 0.006 0.0042
0 0 0.0075 0.0702 0.1871 0.2208 0.0735 0.0241 0.0412 0.1006 0.1554 0.0408 0.0263 0.0226 0.0049 0.025
0 0 0 0 0.0527 0.1643 0.1879 0.056 0.0079 0.1188 0.1636 0.1809 0.0332 0.0126 0 0.022
#Starting and ending years for discards time series
1993
2015
#Observed discards (1000s) and assumed CVs
15.36812 21.04633 17.79999 18.05634 21.7594 15.02566 12.4097 12.80041 11.79754 22.03834 10.95308 10.99443 10.26554 4.97522 8.618804 2.002117 1.487288 2.554689 1.780893 1.653831 17.90685 10.99882 18.75039
0.2 0.2 0.199748 0.199582 0.1995467 0.1392016 0.1409486 0.1537428 0.1573627 0.1428224 0.1474185 0.1474026 0.1 0.1 0.1 0.1 0.1 0.1 0.1 0.1 0.1 0.1 0.1
########## serfs ############
####################################################################
#Starting and ending years of the index
1990
2015
#Observed index and CVs
0.46 0.3 0.57 0.85 1.1 1.01 0.83 1.09 1.18 2.07 1.1 1.41 1.68 2.07 1.86 1.57 1.46 1.43 1.14 0.6 0.68 0.33 0.34 0.35 0.31 0.23
0.67 0.69 0.62 0.54 0.49 0.54 0.54 0.47 0.44 0.43 0.46 0.44 0.42 0.42 0.41 0.43 0.45 0.44 0.48 0.53 0.5 0.5 0.48 0.44 0.67 0.63
#Number and vector of years of length compositions
26
1990 1991 1992 1993 1994 1995 1996 1997 1998 1999 2000 2001 2002 2003 2004 2005 2006 2007 2008 2009 2010 2011 2012 2013 2014 2015
#Sample size of length comp data (first row observed Ntrips, second row Nfish
2 3 5 8 10 6 9 23 28 21 25 20 21 19 21 25 18 21 13 18 27 18 36 40 37 23
2 3 15 20 30 9 10 40 78 48 38 38 37 37 40 29 44 43 24 19 40 18 40 43 38 30
#length comp
0 0 0 0 0 0 0 0 0 0 0 0 0 0 0 0.5 0 0.5 0 0 0 0 0 0 0 0 0 0 0 0 0 0 0 0 0
0 0 0 0 0 0 0 0 0 0.3333 0 0 0 0.3333 0.3333 0 0 0 0 0 0 0 0 0 0 0 0 0 0 0 0 0 0 0 0
0 0 0 0.0667 0.1333 0.0667 0.0667 0 0 0 0 0.2 0.1333 0.2 0.0667 0.0667 0 0 0 0 0 0 0 0 0 0 0 0 0 0 0 0 0 0 0
0 0 0 0 0 0.1 0.05 0.4 0.1 0.1 0 0.05 0 0.05 0.05 0.1 0 0 0 0 0 0 0 0 0 0 0 0 0 0 0 0 0 0 0
0 0 0 0 0 0 0 0 0.0333 0.2 0.2333 0.3 0.1667 0.0333 0.0333 0 0 0 0 0 0 0 0 0 0 0 0 0 0 0 0 0 0 0 0
0 0 0 0 0 0 0 0 0 0 0 0 0.3333 0 0.2222 0.3333 0 0.1111 0 0 0 0 0 0 0 0 0 0 0 0 0 0 0 0 0
0 0 0 0 0 0.2 0 0 0 0 0.1 0 0.1 0 0 0 0.1 0.2 0.2 0 0.1 0 0 0 0 0 0 0 0 0 0 0 0 0 0
0 0 0 0 0 0.025 0.1 0.05 0.125 0.2 0.075 0.175 0.075 0.025 0 0.025 0 0.025 0.075 0 0 0.025 0 0 0 0 0 0 0 0 0 0 0 0 0
0 0 0 0 0 0 0 0.0256 0.0256 0.0641 0.2436 0.3205 0.0769 0.0769 0.0769 0 0.0256 0 0.0385 0.0128 0.0128 0 0 0 0 0 0 0 0 0 0 0 0 0 0
0 0 0 0 0 0 0 0 0.0833 0.0208 0 0.0625 0.2292 0.2083 0.1042 0.0833 0.0625 0.1042 0.0208 0 0 0.0208 0 0 0 0 0 0 0 0 0 0 0 0 0
0 0 0 0 0 0 0 0 0 0.0263 0 0 0.0526 0.0263 0.0263 0.0789 0.2895 0.2368 0.1579 0.1053 0 0 0 0 0 0 0 0 0 0 0 0 0 0 0
0 0 0 0 0 0 0.0526 0.1842 0.1316 0.0789 0.0526 0.0263 0.0263 0.0263 0.0526 0.0263 0.0526 0.1053 0.1053 0.0526 0.0263 0 0 0 0 0 0 0 0 0 0 0 0 0 0
0 0 0 0 0 0.027 0.0811 0.027 0.027 0.0541 0.1081 0.2162 0.2432 0.0811 0 0.027 0 0 0.0541 0.027 0.027 0 0 0 0 0 0 0 0 0 0 0 0 0 0
0 0 0 0 0 0.1081 0 0.0541 0.0811 0.1622 0.0541 0.0811 0.0811 0.0811 0.1081 0.1081 0.0541 0 0 0 0 0.027 0 0 0 0 0 0 0 0 0 0 0 0 0
0 0 0 0 0.125 0.175 0.025 0.025 0.075 0.05 0.075 0.15 0.15 0.025 0.05 0.025 0 0.025 0 0 0 0.025 0 0 0 0 0 0 0 0 0 0 0 0 0
0 0 0 0 0 0 0.069 0 0.1724 0.1034 0.0345 0.0345 0.0345 0.0345 0.069 0.1034 0.1724 0.1379 0 0 0 0.0345 0 0 0 0 0 0 0 0 0 0 0 0 0
0 0 0 0 0 0 0 0.0227 0.0455 0.1818 0.2955 0.0455 0.0455 0.0455 0.0455 0.0455 0.0227 0.1591 0.0227 0 0 0 0.0227 0 0 0 0 0 0 0 0 0 0 0 0
0 0 0 0 0 0 0 0.0233 0 0 0.1163 0.093 0.3023 0.186 0.093 0.0233 0.0233 0.0233 0 0.0465 0.0233 0.0233 0.0233 0 0 0 0 0 0 0 0 0 0 0 0
0 0 0 0 0 0 0 0.0417 0 0 0 0 0 0.125 0.125 0.125 0.25 0.1667 0.0833 0.0417 0.0417 0 0 0 0 0 0 0 0 0 0 0 0 0 0
0 0 0 0 0 0.0526 0 0 0 0 0.0526 0.0526 0 0 0.0526 0 0.2632 0.2105 0.1053 0.1579 0.0526 0 0 0 0 0 0 0 0 0 0 0 0 0 0
0 0 0 0 0 0 0 0.075 0.125 0.15 0.075 0.15 0.025 0.025 0.025 0.025 0 0.025 0.15 0.075 0.075 0 0 0 0 0 0 0 0 0 0 0 0 0 0
0 0 0 0 0 0 0 0 0 0 0.1111 0.0556 0.1111 0.1111 0.1111 0 0.0556 0 0.1111 0.0556 0.1667 0.0556 0 0 0.0556 0 0 0 0 0 0 0 0 0 0
0 0 0 0 0 0 0 0 0 0 0.025 0.1 0.05 0.1 0.075 0.075 0.05 0.05 0.025 0.025 0.15 0.1 0.1 0.075 0 0 0 0 0 0 0 0 0 0 0
0 0 0 0 0 0 0.0465 0.0698 0.0233 0.1395 0.186 0.1163 0.0698 0.0233 0.0233 0.0233 0.0465 0.0233 0.0698 0 0 0.093 0.0233 0.0233 0 0 0 0 0 0 0 0 0 0 0
0 0 0 0 0 0 0 0 0 0.0263 0 0.0263 0.0526 0 0.0263 0.0263 0 0.1579 0.1842 0.1579 0.0789 0.0526 0.1053 0.0526 0.0526 0 0 0 0 0 0 0 0 0 0
0 0 0 0 0 0 0 0.0333 0 0 0 0.0333 0 0 0.0667 0 0.0333 0.0667 0.0333 0.0333 0.1667 0.2667 0.2 0.0667 0 0 0 0 0 0 0 0 0 0 0
#Number and vector of years of age compositions
25
1991 1992 1993 1994 1995 1996 1997 1998 1999 2000 2001 2002 2003 2004 2005 2006 2007 2008 2009 2010 2011 2012 2013 2014 2015
#Sample size of age comp data (first row observed Ntrips, second row Nfish
3 5 8 10 6 8 23 26 21 24 20 21 18 21 25 18 21 12 18 27 18 36 40 36 23
3 15 20 30 9 9 40 74 48 37 37 36 36 39 29 44 43 23 19 40 18 40 43 37 30
#age comp
0 0.3333 0.6667 0 0 0 0 0 0 0 0 0 0 0 0 0
0.3333 0.0667 0.5333 0.0667 0 0 0 0 0 0 0 0 0 0 0 0
0.05 0.75 0.05 0.15 0 0 0 0 0 0 0 0 0 0 0 0
0 0 0.9667 0.0333 0 0 0 0 0 0 0 0 0 0 0 0
0 0 0.2222 0.7778 0 0 0 0 0 0 0 0 0 0 0 0
0.1111 0.2222 0 0.3333 0.2222 0 0 0 0.1111 0 0 0 0 0 0 0
0.1 0.35 0.4 0 0.025 0.1 0 0 0 0.025 0 0 0 0 0 0
0 0.0811 0.6081 0.2297 0.0135 0.0541 0.0135 0 0 0 0 0 0 0 0 0
0 0.0833 0.375 0.4167 0.1042 0 0.0208 0 0 0 0 0 0 0 0 0
0 0.027 0.0541 0.3243 0.2973 0.2432 0.0541 0 0 0 0 0 0 0 0 0
0 0.4595 0.0811 0.0811 0.1351 0.2432 0 0 0 0 0 0 0 0 0 0
0.1111 0.0833 0.6111 0.0833 0 0.0556 0.0278 0.0278 0 0 0 0 0 0 0 0
0.1111 0.2778 0.1667 0.4167 0 0 0 0 0 0 0 0 0.0278 0 0 0
0.2308 0.2308 0.4103 0.0513 0.0513 0 0 0.0256 0 0 0 0 0 0 0 0
0 0.2759 0.2069 0.3448 0.069 0.069 0 0 0 0.0345 0 0 0 0 0 0
0 0 0.6136 0.1364 0.2045 0.0227 0 0 0 0 0.0227 0 0 0 0 0
0 0.0233 0.0233 0.7674 0.1163 0.0233 0 0 0 0 0 0.0465 0 0 0 0
0 0.0435 0 0 0.7391 0.1304 0.087 0 0 0 0 0 0 0 0 0
0.0526 0.0526 0.0526 0 0 0.6842 0.1053 0.0526 0 0 0 0 0 0 0 0
0.125 0.4 0.075 0.05 0 0.075 0.225 0.025 0 0.025 0 0 0 0 0 0
0 0.1111 0.2778 0.1667 0 0 0.1667 0.1667 0.0556 0 0 0 0 0 0 0.0556
0.025 0 0.25 0.225 0 0 0 0.175 0.1 0.05 0.075 0.025 0.025 0 0.025 0
0.0698 0.5349 0.093 0.093 0.0698 0 0 0 0.0465 0.0698 0 0 0 0 0.0233 0
0 0.1081 0.027 0.027 0.1892 0.2973 0.027 0 0 0 0.1351 0.1081 0.0811 0 0 0
0.0333 0.0333 0.1 0.0333 0.1 0.1667 0.0667 0.0333 0 0.0667 0.0667 0.2333 0.0333 0.0333 0 0
###--><>--><>--><>--><>--><>--><>--><>--><>--><>--><>--><>--><>--><>--><>--><>--><>-->
###-- BAM DATA SECTION: parameter section
###--><>--><>--><>--><>--><>--><>--><>--><>--><>--><>--><>--><>--><>--><>--><>-->
###################Parameter values and initial guesses############################
#####################################################
###prior PDF (1=none, 2=lognormal, 3=normal, 4=beta)
###############################################################
##initial # lower # upper #       #  prior  # prior   # prior #
## guess  # bound # bound # phase #  mean   # var/-CV #  PDF  #
##--------#-------#-------#-------#---------#---------#-------#
######Population                                               ###### Biological input ###########
848.21 600 1200 -4 848.21 -0.25 1 #               Linf
0.213 0.03 0.5 -4 0.213 -0.25 1 #               K
-0.67 -3 -0.01 -4 -0.67 -0.25 1 #               t0
0.09 0.05 0.3 4 0.09 -0.25 3 #               len.cv
0.14 0.02 0.5 -3 0.14 -0.25 1 #               M.constant
0.87 0.21 0.99 -3 0.87 0.021 1 #               steep
12.9 10 16 1 12.9 -0.5 1 #               log.r0
0 -1 1 -3 0 -0.5 1 #               R.autocorr
0.6 0.2 1.2 4 0.6 0.0225 3 #               rec.sigma
0 -10 10 7 0 -1 3 #               dm.ch.lc
0 -10 10 7 0 -1 3 #               dm.sefis.lc
0 -10 10 7 0 -1 3 #               dm.ch.ac
0 -10 10 7 0 -1 3 #               dm.sefis.ac
2 0.1 10 5 2 -0.5 3 #               selpar.a50.ch2
3 0.1 10 5 3 -0.5 3 #               selpar.slope.ch2
4.5 0.1 10 5 4.5 -0.5 3 #               selpar.a50.ch3
3 0.1 10 5 3 -0.5 3 #               selpar.slope.ch3
2 0.1 10 5 2 -0.5 3 #               selpar.a50.sefis
1.5 0.1 10 5 1.5 -0.5 3 #               selpar.slope.sefis2
30 0.5 40 -6 3 -0.5 1 #               selpar.a50.sefis3
0.001 1e-04 10 -6 1 -0.25 1 #               selpar.slope.sefis3
0 -8 8 5 0 4 3 #               selpar.age1
-8 -13 -4 3 -8 -0.5 1 #               log.q.ch
-13 -16 -4 3 -8 -0.5 1 #               log.q.sefis
-3 -10 1 1 -3 -0.5 1 #               avg.f.ch
-5 -10 1 1 -5 -0.5 1 #               avg.f.ch.d
-10 5 2 #               f.dev.ch
-10 5 2 #               f.dev.ch.d
-3 3 4 #               rwq.dev
-5 5 2 #               rec.dev
-5 5 3 #               nage.dev
############ F dev initial guesses #############
########## ch landings ############
0 0 0 0 0 0 0 0 0 0 0 0 0 0 0 0 0 0 0 0 0 0 0 0 0 0 0 0 0 0 0 0 0 0 0 0 0 0 0 0
########## ch  discards############
0 0 0 0 0 0 0 0 0 0 0 0 0 0 0 0 0 0 0 0 0 0 0
########## rec devs ##########
0 0 0 0 0 0 0 0 0 0 0 0 0 0 0 0 0 0 0 0 0 0 0 0 0 0 0 0 0 0 0 0 0 0 0 0 0 0 0 0
##########  initial N age devs, all ages but the first one 
0 0 0 0 0 0 0 0 0 0 0 0 0 0 0
####################################################################
#### -- BAM DATA SECTION: likelihood weights section  ######
####################################################################
###############  Likelihood Component Weighting  ###################
1.0                #landings
1.0                #discards
1.0          # ch index
1.0          # serfs index
1.0          # ch length composition
1.0          # serfs length composition
1.0          # ch age composition
1.0          # serfs age composition
1.0	    #log N.age.dev residuals (initial abundance)
1.0	    #S-R residuals
0.0	    #constraint on early recruitment deviations
0.0	    #constraint on ending recruitment deviations
0.0     #penalty if F exceeds 3.0 (reduced by factor of 10 each phase, not applied in final phase of optimization) fULL F summed over fisheries
0.0	    #weight on tuning F (penalty not applied in final phase of optimization)
####################################################################
##-- BAM DATA SECTION: miscellaneous stuff section
####################################################################
#length-weight (TL-whole wgt) coefficients a and b, W=aL^b, (W in kg, TL in mm)--sexes combined
8.418e-09
3.1
# vector of maturity-at-age for females (ages 1-16+)
0 0.354 0.539 0.714 0.842 0.919 0.96 0.981 0.991 0.996 0.998 1 1 1 1 1
# vector of maturity-at-age for males
0 1 1 1 1 1 1 1 1 1 1 1 1 1 1 1
#Proportion female by age
1 0.963 0.93 0.878 0.803 0.705 0.59 0.466 0.346 0.239 0.153 0.091 0.05 0.025 0 0
# time of year (as fraction) for spawning:
0.2876712
#age-dependent natural mortality at age
0.299 0.229 0.193 0.171 0.157 0.147 0.14 0.135 0.131 0.128 0.126 0.124 0.122 0.121 0.12 0.12
# Discard mortality constants 
0.2                   #ch
##Spawner-recruit parameters
## SR function switch (integer 1=Beverton-Holt, 2=Ricker)
1
##switch for rate increase in q: Integer value (choose estimation phase, negative value turns it off)
-1
##annual positive rate of increase on all fishery dependent q's due to technology creep
0.0
## DD q switch: Integer value (choose estimation phase, negative value turns it off)
-1
##density dependent catchability exponent, value of zero is density independent, est range is (0.1,0.9)
0.0
##SE of density dependent catchability exponent (0.128 provides 95% CI in range 0.5)
0.128
##Age to begin counting D-D q (should be age near full exploitation)
4.0 
##Variance (sd^2) of fishery dependent random walk catchabilities (0.03 is near the sd=0.17 of Wilberg and Bence)
0.03
##Tuning F (not applied in last phase of optimization, or not applied at all if penalty weight=0)
0.35
##Year for tuning F
2008
##threshold sample sizes ntrips (>=)for length comps (set to 99999.0 if sel is fixed): 
1.0    #cH len comps
1.0    #CVT len comps
##threshold sample sizes ntrips (>=) for age comps (set to 99999.0 if sel is fixed)
1.0    #cH age comps
1.0    #CVT age comps
## Projection input
2025 #Projection end year, must be later than assessment endyr
2017 #New management start year, must be later than assessment endyr
3    #Switching indicating value to use for defining projection F: 1=Fcurrent, 2=Fmsy, 3=F30, 4=F40
1.0  #Multiplier c applied to compute projection F, for example Fproj=cFmsy
#Ageing error matrix (columns are true age 1-16+, rows are ages as read for age comps: columns should sum to one)
1 0 0 0 0 0 0 0 0 0 0 0 0 0 0 0
0 1 0 0 0 0 0 0 0 0 0 0 0 0 0 0
0 0 1 0 0 0 0 0 0 0 0 0 0 0 0 0
0 0 0 1 0 0 0 0 0 0 0 0 0 0 0 0
0 0 0 0 1 0 0 0 0 0 0 0 0 0 0 0
0 0 0 0 0 1 0 0 0 0 0 0 0 0 0 0
0 0 0 0 0 0 1 0 0 0 0 0 0 0 0 0
0 0 0 0 0 0 0 1 0 0 0 0 0 0 0 0
0 0 0 0 0 0 0 0 1 0 0 0 0 0 0 0
0 0 0 0 0 0 0 0 0 1 0 0 0 0 0 0
0 0 0 0 0 0 0 0 0 0 1 0 0 0 0 0
0 0 0 0 0 0 0 0 0 0 0 1 0 0 0 0
0 0 0 0 0 0 0 0 0 0 0 0 1 0 0 0
0 0 0 0 0 0 0 0 0 0 0 0 0 1 0 0
0 0 0 0 0 0 0 0 0 0 0 0 0 0 1 0
0 0 0 0 0 0 0 0 0 0 0 0 0 0 0 1
999 #end of data file flag
